mz	rt	intensity
59.98388277	1.42869997	1181.78418
59.98415824	5.512000084	2339.835693
59.98449566	5.740483284	1213.740234
59.98469416	3.498833418	1135
59.98477292	1.485783339	1221.518555
59.98487357	6.625583172	1006.356262
59.98492663	3.456016779	1467.401123
59.98509472	3.541749954	1637.312256
59.98512258	2.528049946	1738
59.9852037	2.228216648	1719.487305
59.98520778	2.899250031	2494.602783
59.98527269	1.071766615	5055.562012
59.98528974	2.470966578	2399.506592
60.01555763	21.97338295	1397
60.0171768	16.11974907	1028.364014
60.01887096	21.95911598	1185
61.98809352	1.21449995	9982.259766
74.02392022	1.271600008	1477
78.95896268	1.128866673	22311
79.9572703	1.043216705	1487
85.02934816	1.028933287	2346
92.92769952	1.185950041	9467
94.03000218	2.956350088	2173.027832
94.92459759	1.185950041	6550
96.9211737	1.185950041	1669
96.96046076	1.086033344	61288.17188
98.95549128	1.114583373	4789
102.055455	1.271600008	1723
102.9561407	1.20023334	1525
103.0395599	1.328766704	3699.953125
107.0493895	7.068133354	9275
107.0497943	7.125233173	8129
107.0498905	4.669650078	2791
107.0503693	2.984883308	1451
108.0452093	3.884316683	1296
108.9015348	1.185950041	2512.940186
109.0291039	3.998616695	4078.7229
110.8986793	1.185950041	2450
111.0080786	1.000399947	3662
111.0085188	1.128866673	7358
111.0195623	1.942649961	1274
112.015311	1.557150006	1391
112.0510389	1.885550022	2083.641113
112.0514997	1.771366715	125319.8281
112.9845404	21.98766708	1469.173828
112.9854295	1.243049979	1742.412598
112.9863319	21.94485092	1356.183594
112.9884953	22.21615028	1085
115.0396728	1.557150006	2064.400146
115.9209519	22.81570053	1408.651123
116.0463035	1.285866618	2223
116.0716519	1.585700035	1885
116.9720305	1.20023334	2686
117.0545836	1.771366715	3290
117.0556767	1.685616612	3358
118.0510006	1.257316709	2416
118.9693682	1.20023334	1027
119.0347852	1.257316709	8878.675781
121.0293061	2.470966578	5758.854004
121.0295468	6.025933266	1235
123.0451989	6.340033531	1424
123.0560307	2.642233372	1114
124.0070461	1.21449995	3638
124.015339	1.371600032	2155
124.0402011	2.699333429	2683
124.9903494	1.21449995	1603
125.0236484	3.356100082	1707.541748
125.0244278	3.927233219	5175
126.0196511	1.257316709	1760
127.0010891	1.228783369	9575.078125
127.00114	21.97338295	1107
127.0398687	1.628516674	3383
127.0505413	1.271600008	2505
128.0353178	1.285866618	41631.87109
129.0185619	1.343050003	2488.399902
129.0190177	1.014666677	9122
129.0386563	1.285866618	2667
129.0550008	4.398366451	1747.549072
130.0664531	4.92658329	1272
130.0870018	2.442416668	1245
130.0871724	2.613699913	4871
131.0345927	1.271600008	1477
131.071181	2.17111659	1842
132.9224726	22.7871666	1101.098633
132.9227606	22.68725014	1168.800171
133.0498679	1.328766704	2982
133.0502204	1.414416671	5097
133.0504788	1.271600008	19745
133.050691	1.500066638	15975
134.0604838	4.612566471	1977.833862
134.060757	4.426916599	17412.97461
135.0294512	1.171683311	4313
135.0312506	2.399499893	8253.75
137.0353805	3.613116741	1013
137.0357197	2.242483377	4106.697754
138.0192517	2.999166727	2034.759277
138.0222457	1.271600008	1489.324219
138.0553503	3.141900063	1538
138.0558043	5.126516819	6321.608398
139.039059	2.313849926	1092
139.0510397	1.500066638	1578
141.0153933	22.43025017	1275.900391
141.0159495	22.34460068	1558.502563
141.0164136	21.95911598	1590.161621
141.0168496	1.21449995	18690.74023
141.0193114	1.628516674	2025.400024
142.0510873	1.500066638	1162
142.0665932	7.696350098	1234
142.9750664	1.21449995	1030.627319
143.0353188	2.385233402	2171
144.0296462	1.271600008	1727.624756
144.045262	5.040866852	3365
144.0454908	10.20899963	2606.449463
144.0664586	1.271600008	8693
144.0666211	2.442416668	2973
144.0666993	1.528599977	9325
145.0612296	5.240699768	5579
145.0621781	1.243049979	3226.102051
146.0451643	1.328766704	1045
147.0292245	1.128866673	2923
147.0654784	1.828449965	2463
147.0658482	1.343050003	1152
147.0659988	2.428133249	2569.399902
147.0662003	1.914100051	7405.4375
149.0078074	1.114583373	3378
149.0090421	1.057500005	1640
149.0448942	1.20023334	1776
149.0451293	1.257316709	5541
149.045262	1.314499974	1786.553711
149.046611	4.15561676	1070.292236
150.0555309	5.512000084	1623
150.0559131	3.341833353	3832
151.0262458	2.199666739	8343
151.0399624	4.669650078	1884
151.0400188	2.413866758	6222
151.0400209	4.912316799	1209
151.0611169	1.285866618	6346
153.0191628	2.570883274	2898
153.0193318	6.11164999	9595
153.0309188	1.842733383	3714
154.0227296	6.11164999	1032
154.0622856	1.343050003	42355
155.0465022	1.314499974	14734
155.0641249	1.314499974	3734.188721
156.0668664	3.784399986	8348.563477
156.990746	1.228783369	2719.045898
157.0359938	1.300150037	1568
157.0504068	6.654116631	1321
157.1234035	14.84911633	1113.087891
157.1234844	14.23516655	1354
158.0816439	3.998616695	2878.24707
158.0823366	3.827233315	2238
158.0824732	3.227633238	3386
159.0293333	1.328766704	1436.416504
160.061506	1.42869997	3928
160.076772	8.024633408	1505
161.0451289	1.271600008	1230
161.045405	1.485783339	1320.267944
161.045746	2.370949984	1138.597046
161.0820513	2.271033287	5244
161.9871694	2.884983301	21716
162.9893506	2.884983301	1482
163.0608036	1.285866618	4215
164.0352302	4.826666832	1635
164.0581553	3.641666651	6787.430176
164.0719325	4.169883251	12196
165.0397675	1.171683311	1676
165.0416809	3.613116741	3065
165.0422721	3.970066786	28894.01563
165.0750088	4.15561676	7177
165.076855	1.4429667	5670.54248
166.0168801	1.371600032	3374.682617
166.0443036	3.984333277	2304.01123
166.9907601	5.740483284	1104.582275
166.9931116	2.099750042	1159.566772
166.9932265	2.199666739	1150.126099
166.9941074	2.528049946	1233
166.9942965	3.370383263	1273.767334
166.9943757	1.914100051	1123.666992
166.9946032	7.824800014	1309
166.9949233	2.256766558	1032.642456
167.0204927	1.471516609	1275
167.021214	1.371600032	113225.3516
167.0347257	5.169333458	3133
167.0462611	2.642233372	5979
168.0236372	1.385866642	6019
168.0295689	2.756433249	1872
168.0303613	2.6850667	75841.15625
168.0776586	1.599966645	1071
168.0778525	1.914100051	8384
168.0781742	1.528599977	79787
169.0333084	2.699333429	5216
169.0618558	1.542883277	4691
169.0807838	1.514333367	7673
171.0408248	1.357333302	1611
171.1391701	16.37678337	1982.485107
172.0976249	5.155049801	2323
172.0980703	5.383533478	1134.400024
172.9912057	4.569650173	23415
173.0093476	1.028933287	10551
173.0453967	1.742799997	1136
173.0566408	1.271600008	1990
173.1294347	1.271600008	1860
173.9867791	2.942066669	31367
174.0565387	4.92658329	1173
174.9888061	2.956350088	1366.094727
175.0612086	1.328766704	10970
175.0723693	1.271600008	1230
175.0981701	3.841500044	1044.764404
175.9831305	2.956350088	1772
176.9359631	1.128866673	5768.552734
177.0228811	1.95691669	15947
177.0546207	2.942066669	1074
178.0254728	1.95691669	1631
178.0510302	4.683933258	2362
178.0510957	4.612566471	19900.40039
178.0511666	4.426916599	229495.5156
178.0540329	5.754749775	6811.350586
179.0467962	3.741583347	6452
179.0540693	4.598183155	3650
179.0543874	4.426916599	32401.47656
179.0556335	1.314499974	2208.278809
179.0560963	1.185950041	3296
179.0562826	1.257316709	7022
179.0576383	5.983116627	2920
179.0577187	6.311483383	5582.353027
180.0530106	3.68448329	3429
180.0666774	2.299583435	15241.69727
181.0368982	2.085483313	12254
181.0509421	2.456683397	12593
181.0700598	2.313849926	1321
181.0719021	1.257316709	38236
182.0389638	2.099750042	1650
182.0462925	5.126516819	38922.75781
182.0542075	2.470966578	1452
182.0747129	1.257316709	3169
182.0824448	6.497116566	5070
183.0490179	5.126516819	4395
184.0078798	3.68448329	1812
184.0982696	6.882500172	12969
185.057487	1.314499974	1303
185.0819053	1.757083297	1002
185.1014035	6.868233204	1795
187.0072661	7.068133354	238021
187.0073639	7.225133419	3029
187.0213277	1.243049979	1393
187.0729893	1.314499974	4298
187.0976239	2.313849926	10938
187.1087838	1.728533387	2962
188.0018482	4.65538311	1716.042969
188.0025565	3.199083328	1152.661621
188.0030147	3.870049953	14343
188.0101057	7.082416534	29838
188.0355255	5.055150032	4226
188.0573393	1.42869997	1525
188.0930087	14.24943352	1072.85376
188.0930481	4.184166431	3765.596436
188.1006893	2.313849926	1173
188.986296	2.399499893	2005
188.9867183	3.998616695	46539.90234
189.0023981	7.125233173	11539
189.0036423	7.068133354	9248.47168
189.0057153	3.870049953	1225
189.040312	1.343050003	11536
189.9894848	3.998616695	4005
190.043301	1.343050003	1311
190.0509585	2.856433392	1785
190.9655759	2.17111659	2276.381592
190.9825736	3.998616695	2125.490967
191.0021793	3.113349915	1468
191.0200354	1.128866673	80619.69531
191.0558938	1.157400012	3863
192.0228788	1.128866673	7377
192.0234049	1.014666677	2877
192.066055	5.383533478	2279
192.0668949	5.940299988	7534.263184
192.9816158	2.370949984	9018
192.9874468	1.185950041	1513
193.0348621	1.143133283	3048
193.0625928	3.755850077	7088
194.0456521	5.254966736	5744
194.0459445	5.512000084	7531.097656
194.0462014	2.756433249	22075
194.0463506	3.341833353	28939.1875
194.9284617	1.071766615	27442
195.0334475	1.742799997	5849
195.0481768	3.341833353	4155.798828
195.0490189	2.756433249	2583.79248
195.0503748	1.171683311	5011
195.0519756	2.585150003	1675
195.0527973	3.141900063	49425.82422
195.052908	3.456016779	5183.876953
195.0664729	4.169883251	2782.690674
195.0874499	1.685616612	1889
196.0550013	3.141900063	6094
196.0731685	1.514333367	1910
197.0461656	1.542883277	2827.563232
197.067636	1.542883277	4233
197.0677877	2.999166727	2646.155273
197.0682142	1.514333367	2595
197.0682203	3.613116741	5150.091309
197.0682563	1.914100051	4474
197.0691475	3.498833418	1039.657959
197.0819105	2.213933229	6427
198.0406506	2.627966642	2695
198.1138124	10.23754978	1465
199.0071636	8.610016823	2106
199.0978897	8.267366409	6460.726074
199.1710906	18.57541656	5370.821289
200.1295719	10.93715	6886
200.9548551	18.36124992	1339
201.0227741	9.566516876	3375.675781
201.0341458	1.228783369	1047
201.112847	3.927233219	1132
201.1133803	5.554816723	8652.238281
201.1250001	1.657066703	1479
201.1351147	1.571416616	5975
202.108175	6.354300022	2124
202.1166092	5.540533543	1298.498657
202.9866452	1.328766704	1126.335571
202.9869944	1.243049979	1168.032837
203.0016043	5.297783375	14924
203.0024281	6.325766563	26054.52344
203.002431	6.782583237	6025.072266
203.0025069	6.083099842	2222.176025
203.0830485	5.226416588	15619
203.129033	8.852733612	1428
203.9974809	2.542333364	1008
204.0049468	6.340033531	3222
204.0669267	8.024633408	13031
204.0678589	5.226416588	1071.715088
204.0851161	5.226416588	1425
204.9812954	2.699333429	8987
204.9816658	3.927233219	23552
204.9817646	3.370383263	18423.19922
205.0699545	8.024633408	1797
205.0765105	5.240699768	4637
205.1600087	19.96026611	9636.512695
205.9841964	3.927233219	1877
206.0823748	6.482833385	1524.706055
206.1639086	19.96026611	1979
206.9773091	3.941516638	1055
206.9978703	3.755850077	10090.28906
208.0007105	3.741583347	1108
208.0614534	5.711933136	5682
208.0619934	7.639166832	1829
208.9763538	2.185400009	1596.199951
209.003831	1.21449995	1393
209.0454808	2.071199894	1843
209.0568897	2.456683397	2154.602295
209.0656877	15.19178295	1054.769897
209.0682807	4.612566471	5606
210.0882786	2.14258337	1320
211.040168	14.63490009	1049
211.0612042	2.899250031	2918.220459
211.0612827	2.199666739	2469.681152
211.0838025	4.65538311	1207
211.0839315	5.055150032	1302
212.0023924	5.85466671	3238.472412
212.0027336	4.983766556	92846
213.0056799	4.983766556	8559.46875
213.0229098	10.76586628	2521
213.113382	4.312716484	4604
213.1864003	19.4034996	1848.930542
213.9989755	5.012333393	3777
213.9996313	4.983766556	4041
215.0021128	7.93898344	1166
215.0325203	1.314499974	1288.978027
215.0930679	3.698766708	1054
215.1034468	2.627966642	2042.9375
215.103872	2.14258337	5695
215.1039111	2.356683254	1508
215.1153813	1.757083297	2824
216.0336295	2.799316645	1330
216.0878468	2.014016628	1750
217.0179958	8.767016411	5117.786133
217.0180892	7.482150078	1181
217.0478	1.271600008	4566
217.1080016	4.084249973	1081
217.1082059	2.199666739	1977.031372
217.1086204	2.342400074	2200.2771
218.0501432	2.570883274	1003
218.0827474	10.36610031	2687.517822
218.1037763	2.556600094	15159
218.9967012	3.227633238	1619
218.9969394	5.212150097	1103
218.9972932	4.198433399	1471.82251
218.9974032	3.870049953	4794
218.9974358	4.826666832	5202.587402
218.9976926	2.870699883	2243.382813
219.0505143	1.314499974	7601
219.0775493	2.970616579	2415.798828
219.1069057	2.556600094	1487
220.0648668	2.799316645	1274
221.9561067	14.17806625	1294
222.0415345	5.169333458	1175
222.1135279	12.35060024	2399.510254
222.9920609	2.185400009	9048.314453
223.0199884	1.21449995	1737
224.0569391	3.541749954	29168.48828
224.062062	10.92286682	1650.410767
224.0622332	12.06503296	5863
224.5632036	12.06503296	1590
225.060396	3.556033373	5170.293945
225.0633888	1.542883277	23566.01172
225.0634101	1.642799973	2039
225.1135299	11.13704967	2784
225.1861911	19.27501678	2108
226.0182239	8.224550247	1293
226.0667441	1.557150006	1870
227.0765481	1.271600008	1723
227.1036883	1.42869997	1173
227.104034	1.314499974	2158
227.1151036	1.699983358	3128
227.2014557	19.93171692	1349.219849
227.2020749	20.34583282	1244.506104
227.2020827	20.16018295	4735
227.202325	20.0888176	29616
227.9975781	3.47028327	8161
228.2054786	20.0888176	21633.16211
229.0002633	3.47028327	1087
229.0176122	9.709349632	1130
229.0541617	12.83600044	1394
229.1195201	2.827866554	2792.764648
229.1445985	11.70810032	1005.009277
229.2092429	20.0888176	2194
230.0130775	5.197883129	2882
230.0134429	6.625583172	3773
230.9969333	5.711933136	2285
230.9975602	4.912316799	7213
231.033437	11.03706646	1317
232.0285767	2.827866554	1647
232.8840309	1.071766615	3102
233.0129202	3.68448329	3030
233.0134072	4.184166431	1225
237.0772608	4.112800121	1359
237.1248109	7.610616684	7556
238.0778879	11.52253342	3469
238.5791806	11.52253342	1210
239.0786102	4.327000141	1069.693726
239.114865	1.95691669	1556.270508
239.1156945	1.642799973	23372
239.1289708	14.9918499	1473.219604
239.2020577	19.97453308	3776.860107
240.1180538	1.657066703	3284
241.0496675	13.33576679	1028.442139
241.1083189	5.055150032	1517.400024
241.1193133	5.512000084	3072.880859
241.1194988	5.868933201	4341.087402
241.1195544	5.183599949	1577
241.1199279	4.969500065	1035
241.2173746	20.78840065	3132.399902
241.2176216	20.68840027	34482.60156
241.2176389	20.51711655	9622.676758
241.2179186	21.10250092	1021.596191
241.2180441	21.97338295	1024
242.0130746	6.525666714	1131
242.0132659	4.698216438	4416
242.2208991	20.53140068	1875
242.2212101	20.68840027	5511.208496
242.9971849	4.898033142	2031
243.0330364	10.42319965	2809
243.0626541	1.828449965	47531.99609
243.0783292	7.696350098	13553
243.124445	4.084249973	1009.099731
243.1355639	6.839683533	4790
243.1966691	18.43261719	2915.045166
244.0655623	1.842733383	5177
244.0813063	7.682066441	1828
245.0126396	2.185400009	2882.825684
245.0127219	7.539249897	1073.200073
245.0675592	11.60818291	1959
245.077237	1.814183354	8114
245.0934183	7.596350193	2267
245.1390362	4.398366451	1574
246.075328	10.32318306	2000
246.1533148	15.34879971	3155
246.9919814	2.856433392	1567
246.9920411	1.357333302	2455
247.082891	6.068833351	1721
248.0966048	4.840950012	2132
249.0629388	4.65538311	1205
250.0724072	5.711933136	10741
251.0753446	5.697649956	1436.374634
253.1188011	5.326433182	5121
253.2175444	20.9454174	2344.385986
253.2176966	20.64558411	5406.399902
253.21793	20.55993271	48561.32031
254.2208823	20.68840027	1265
254.2211596	20.55993271	9206.474609
254.6234998	14.7062664	2486
254.9823437	1.128866673	4061
255.1354579	7.739166737	5543
255.2325818	20.84550095	1202.39978
255.2332428	21.2166996	241789.75
255.2334053	21.84493256	3516.910645
255.2334872	21.31661606	36036.8125
255.2336161	21.61646652	9217.795898
255.6312148	15.86273289	3760
256.1325654	15.87701702	1713
256.1383958	7.724883556	1026
256.23596	21.84493256	1129.332764
256.2366236	21.2166996	47231.84375
256.2368144	21.31661606	8672
257.0124986	5.740483284	1266
257.0125034	6.839683533	1110.822998
257.0128157	6.69693327	1774
257.1512503	8.96693325	2148.521484
257.239811	21.18815041	2588.527588
258.0079332	3.89868331	1085
258.991752	5.826116562	3082
258.9923585	1.685616612	2796
259.0282403	10.13763332	1279
260.0239075	1.714266658	17000
261.0072403	5.512000084	1776
261.0082793	1.699983358	2211
261.0258956	1.699983358	1185.536621
263.0233253	2.299583435	1228
263.1039846	5.269249916	211715
263.104445	5.369249821	27761
263.6285537	15.06321621	1187.796753
264.0883789	7.767716885	2627
264.0885283	2.870699883	1541
264.1071301	5.269249916	33460
265.1102506	5.254966736	4259
265.1201099	7.682066441	16151.40039
265.148033	18.38978386	37143
265.148303	18.5326004	1376
266.0861476	9.852083206	1084
266.1232629	7.710616589	2631
266.1512912	18.38978386	6187
267.1087588	1.814183354	9165
267.1243627	13.50704956	4688.306641
267.1449404	18.40406609	1607
267.2327501	21.18815041	1844.553711
267.233203	21.35943413	1328.997437
267.2333382	21.08821678	8867.600586
268.2363976	21.08821678	2337.245117
268.8003395	1.185950041	1296
269.0667703	3.44175005	1163
269.0778812	3.613116741	1074
269.1510794	9.823533058	12282.45117
269.2484432	21.34516716	1404
269.2488282	21.53081703	23851.25391
269.2489809	21.64500046	25148.60742
269.2492884	21.75919914	3886.109375
270.0618567	1.771366715	4417
270.1540894	9.823533058	2521.962891
270.251929	21.53081703	4385
270.2520152	21.65928268	5276.575684
271.2281682	19.84606743	1127.644287
272.165231	16.6052494	8968
272.1687015	16.83363342	1202
273.0074406	2.085483313	3824
273.0075057	9.138233185	1411.421875
273.0079229	6.839683533	20555.11523
273.0436874	8.752750397	1053.800049
273.1683561	16.6052494	1351
273.1708818	9.951983452	1457.008423
273.1708965	11.59391689	1307.400024
273.1709781	9.552249908	1129.957764
274.0104717	6.825399876	10145
274.0393235	4.755300045	1682
275.0224635	2.213933229	1017
275.0553226	4.327000141	1023
276.054721	2.942066669	1040.887939
276.9916699	1.21449995	1562
277.0024729	3.484566689	1372
279.0986542	3.284733295	5778.431152
279.0987467	3.812949896	3025
279.1354739	9.16676712	9306.928711
279.2327292	21.38798332	1337.060913
279.2330823	21.18815041	1724.717773
279.2331495	20.87405014	17916.01172
279.2332609	21.04533386	8410.503906
279.6142562	14.67773342	1723
280.1033209	1.285866618	1926
280.1385908	9.16676712	1421
280.2359076	20.87405014	12201.59961
280.2363546	21.05960083	2178
280.6221876	15.80563354	2602
281.0888708	4.141333103	1000.787598
281.1145348	7.45359993	4770.44043
281.2488959	21.55936623	28626.86914
281.2490703	21.73064995	6262.249512
281.2490977	21.45935059	121611.4219
282.0477788	3.641666651	1112
282.251784	21.67354965	2021.378662
282.2522767	21.55936623	4920.903809
282.2522883	21.47371674	27097
282.7772675	1.171683311	1391.150879
283.0287588	8.852733612	1503.644165
283.0826469	5.497716904	39460
283.1191836	6.197299957	1570.848022
283.1555714	7.496433258	1336.660034
283.1670846	12.09358311	2233
283.2625945	21.57363319	1859.742798
283.2629347	21.45935059	3302.920166
283.2641332	22.47306633	5264.248535
283.2645047	22.63014984	3341.636963
283.2645533	22.07329941	240433.9531
283.26487	22.21615028	20116.28516
283.2655633	21.03104973	1284.379028
284.0782034	2.91351676	2119.197754
284.0857748	5.512000084	7591.088867
284.0889398	4.65538311	3094
284.2665046	22.64443398	1066.61499
284.2668706	22.53014946	1611.786377
284.2676029	22.17323303	8191.388672
284.2677232	22.07329941	72035.70313
284.2680772	22.31606674	2954.39502
284.7737542	1.171683311	2102
285.0617615	3.44175005	1970
285.0618172	1.514333367	2809
285.0870524	5.497716904	1148
285.270548	22.07329941	5345
286.7709504	1.185950041	1058
287.0235243	6.083099842	30623
288.0257209	6.083099842	16675
288.0880118	11.03706646	2289
288.9871986	1.028933287	1146
288.9891573	1.114583373	4747
289.02074	6.083099842	1630
289.0868668	18.06143379	1180
291.0068086	1.21449995	2499
291.9600789	4.983766556	2420
292.9074115	1.128866673	6314
292.9646609	1.228783369	1588
293.0152445	5.497716904	1033
293.0547569	4.241266727	1406
293.1760108	15.00613308	1386.302856
293.1761797	14.92048359	19509
293.1795592	19.68906593	1203.054199
293.1797748	19.61759949	17870.82617
294.1796498	14.92048359	7020
294.1826766	19.61759949	4293
295.0827605	6.768300056	3548
295.1299327	6.668399811	1710
295.1301039	6.354300022	21657.75977
295.1304585	6.982500076	2767.052002
295.2642986	21.88775063	2136.199951
296.1002685	4.255616665	4180
296.1331611	6.354300022	3615
296.1349397	1.271600008	2092
297.0980657	7.967533112	2341.580322
297.1116715	17.76168251	2854.770508
297.1120208	17.47613335	10753.2002
297.1532357	18.5897007	2037.334717
297.2434992	19.1750164	1025.400024
297.2799417	22.57304955	4759.258789
297.280194	22.40169907	1381.799683
297.9789286	1.714266658	2293
298.1148999	17.60460091	1367
298.1149455	17.49041748	2805.814941
298.1228415	1.271600008	1477
298.2828839	22.58733368	1344
299.0774849	5.397799969	2662.863037
299.259384	20.77413368	1131.541138
299.25953	19.44631577	3376
299.6387457	13.15011692	2067
300.0388864	1.271600008	1861
300.0723351	1.500066638	1141
300.0726031	3.227633238	2003
300.1285355	1.257316709	2226
300.748203	1.185950041	1666
301.0566722	2.342400074	6686.473633
301.0932391	3.870049953	1193
301.113162	1.257316709	2450
301.2389158	21.18815041	3091
302.0594637	2.342400074	1163.911133
302.1147913	6.083099842	17309
302.7449422	1.171683311	1136
303.0719996	2.528049946	1032.356445
303.0724609	2.92779994	22795.85938
303.1177565	6.083099842	2818
304.0758607	2.92779994	3150
305.0226948	1.21449995	2159
305.0336113	2.242483377	2158
305.0543891	3.613116741	2294
305.1872615	11.4368	3014
305.2484465	21.40225029	1446.25061
306.9807077	1.228783369	2471
307.1910085	16.61951637	1269.147583
307.2643186	21.80201721	3980
308.0777191	3.941516638	2150.140625
308.0978909	1.285866618	3009
309.097705	8.838383675	1207.400024
309.1533061	17.73315048	2537
309.174464	18.94663239	10176.18652
309.2049725	20.68840027	1693
309.2801337	22.28751755	3591.155762
310.1141961	5.312066555	8767
310.1143068	1.285866618	15520
310.1778235	18.94663239	1994
311.0774679	6.839683533	1517
311.0775785	6.582749844	1812.967896
311.118884	1.285866618	1493
311.1682658	19.38921738	1266.790039
311.1688594	19.28928375	9256.400391
311.2952803	23.28683281	1631.545898
311.2956581	23.18691635	11281.88281
312.1720612	19.1750164	3754
312.1723746	19.28928375	3260
312.2989349	23.20120049	1977
313.0933002	7.653433323	4258.583984
313.1063322	20.84550095	2782.399902
313.1065845	20.71694946	3724
313.1910552	21.18815041	1751.400024
314.865818	1.114583373	3394
314.8934135	1.128866673	4359
315.0719047	2.213933229	1475
315.0732964	3.556033373	2136.257324
315.0834848	3.613116741	1565
315.1295648	1.271600008	4801
315.1811873	11.55108356	1008
317.0334993	5.097966671	1091.400024
317.0509031	2.513783216	1430
317.0513102	1.485783339	1465
317.0658501	4.141333103	1366.260254
319.0673278	1.657066703	12860
319.1401623	12.46478367	3389.074707
319.1916405	9.98061657	4419
320.0723731	1.642799973	2012.232788
320.1947215	9.966266632	1062
320.9961552	1.21449995	1911
321.1711461	11.65100002	1519.800049
321.2079003	20.55993271	5881.598633
322.2120514	20.55993271	1382.186768
323.153369	20.43148422	1008.284607
323.2198136	21.2166996	26898.26953
323.2202285	21.28806686	2805.399902
323.2211527	21.53081703	1179.376465
324.0723895	1.95691669	8344
324.0727797	3.498833418	4743.156738
324.0728746	3.398933411	12181.22754
324.2228607	21.18815041	1899
325.0755388	1.95691669	1583
325.0765499	3.398933411	1885
325.0928573	6.282949924	1150.599976
325.0934831	7.710616589	8048.152832
325.1293975	11.77946663	1800
325.1846939	19.7033329	18039.92383
325.1849417	19.81753349	9595.368164
325.3112965	23.97216606	1425.476685
326.0885058	5.169333458	1086
326.096675	7.710616589	1290
326.109469	1.271600008	1237
326.1107817	3.113349915	1814
326.1449368	1.271600008	8318
326.1879314	19.7033329	7758.443359
326.1880329	19.81753349	2454.733154
326.9417866	1.014666677	1343
327.0724655	4.712483406	1215
327.0944356	4.141333103	2581
327.1081803	8.695650101	1431.400024
327.1088109	10.03773308	1157.799927
327.143096	1.271600008	2000
328.1510992	5.012333393	4837.582031
328.1681103	16.37678337	1462
329.0703927	6.768300056	1164
329.0878352	2.842149973	3478
329.1526908	14.92048359	1937
329.1607038	13.1644001	2759
329.1608236	12.63618374	1076.884521
329.1763788	13.9638834	1130.339722
329.2701998	22.07329941	5675
330.0294418	3.498833418	3320
330.8499534	1.100316644	5029
331.0606953	5.726200104	1779
331.1128832	1.343050003	2047
331.1764367	14.10668373	72029.15625
331.1766521	13.84969997	1934.767456
331.2664283	21.28806686	5685.187988
331.2672432	20.68840027	3886.659912
331.2673723	22.20186615	2621.436768
331.2675861	19.31785011	1721.507568
331.2676819	19.90316582	1732.358521
331.2677693	20.46001625	2996.05957
331.2679056	22.7871666	5375.589355
331.2680752	21.94485092	9535.696289
332.1794404	14.09241676	21748
332.269049	21.43079948	1716.288452
332.2693161	21.95911598	2393
332.2696593	21.13105011	1827.221191
332.2696652	21.37369919	1641.877563
332.2698791	21.58791733	1684.506836
332.2705349	20.68840027	1071.952881
332.2706705	20.71694946	1046.856812
332.2710768	21.78775024	1685.015991
332.2714418	21.31661606	1672.80127
332.2715216	22.82998276	1647.319946
332.2719715	21.83065033	1448.463501
333.1348475	18.37551689	1453
333.1804349	14.12096691	2095
334.1257321	1.328766704	1300
335.0492547	1.371600032	64980
336.0510701	1.371600032	10237
336.0726116	5.183599949	5072
336.9699324	1.228783369	1034
337.0337143	5.240699768	1167
337.0562669	3.984333277	1450.700195
337.1610128	1.514333367	4675
337.2051959	20.04598427	4726
337.2351497	21.31661606	1276
337.2357578	21.53081703	1379.656982
337.2357809	21.65928268	2046.999878
337.235791	21.18815041	3465.868164
337.3109221	23.42966652	1252
338.0701265	10.78015041	2420
338.0878788	6.054500103	1597
338.0879102	3.613116741	2566
338.0880065	4.198433399	1422.779297
338.0881376	2.756433249	1780.400024
338.1087674	1.285866618	2075
338.1971602	16.37678337	1135
339.1083443	9.409500122	3719
339.1085696	5.212150097	1799
339.1948296	21.18815041	2132.234375
339.200011	20.27436638	2897.086182
339.200133	20.16018295	11221.52832
339.3271666	24.90021706	6916.400391
340.0723193	4.840950012	1081
340.2035759	20.17444992	3044
340.3303953	24.90021706	1374.363403
341.1083707	1.414416671	4051
341.1241426	5.611899853	1008.635254
341.1241914	11.179883	1274
341.2695779	21.38798332	1109.756226
341.2695992	21.25951576	8849.075195
343.0676	2.92779994	10436.60645
343.1397085	12.16495037	1561.292725
343.13984	11.89375019	5589.09668
343.1399508	12.30778313	1187.904541
344.0711309	1.343050003	1228
344.0712074	2.91351676	1586
344.109852	2.271033287	2014
344.1433387	11.87946701	1406
345.1555448	14.2066164	4469.380371
345.1556011	9.809267044	1318.979492
345.1556068	13.9067831	1128.357666
345.1556795	10.42319965	41134.23438
345.155923	10.73731709	14114.75293
345.1560217	6.69693327	5832.757324
345.2828255	20.68840027	2675.180664
345.2830453	20.34583282	1327.618408
345.2830456	20.9454174	2345.067871
345.283235	20.11736679	1250.103027
345.2832911	21.40225029	2507.799561
345.2832994	19.53195	1014.034668
345.2833383	22.23041725	3311.655762
345.2834277	21.94485092	5119.741699
345.2841316	23.91506577	1540.207886
345.2841599	19.86034966	1008.612122
345.2848224	21.31661606	3255.65332
345.2849654	22.7871666	3593.419922
346.158916	10.7515831	4970.399902
346.1589319	10.40891647	6992.22168
346.1591082	6.69693327	1209.799927
346.223857	14.24943352	1409
346.2833214	22.23041725	1339.447754
346.2835181	21.37369919	1125.945923
346.2850803	21.55936623	1007.194214
346.2851635	22.81570053	1801.206177
346.2858011	21.73064995	1277.049438
346.2862737	21.83065033	1236.40271
346.2866536	21.94485092	1703
346.2868411	20.60276604	1178.357666
346.2878508	22.18759918	1107.072876
347.0647357	5.254966736	3904
347.0868206	1.343050003	3102
347.1613786	10.42319965	1422
347.1711292	11.29406643	1208.192871
349.2021465	12.60763359	2405.026855
349.23623	21.48800087	6629.790527
349.2366061	21.54509926	1911.400024
349.2417826	21.2737999	8635.400391
350.0704222	12.72181702	2238
350.0879845	5.997399807	23252
350.0881031	6.068833351	1056
350.0882748	6.468500137	1040
351.0913277	6.011666775	7685
351.2510067	22.15895081	1696.496582
351.2516131	22.08758354	12113.08789
352.0862116	12.23641682	1341
352.0864655	12.06503296	73302
352.0943602	6.011666775	1927
352.2539715	22.08758354	3436
353.0878806	3.841500044	1104
353.0902073	12.06503296	34046.80859
353.2003303	19.2321167	7276
353.2485717	22.23041725	1216
353.3421252	25.99956703	1690.374268
353.3425753	25.68546677	1530.2229
354.0856135	12.06503296	2850.662842
354.1018742	11.46535015	1958
354.2034311	19.2321167	1901
355.0353536	1.42869997	3233
355.0356088	3.998616695	2892.253906
355.0889911	2.342400074	1730.262695
355.1034274	8.424366951	1574
355.2855418	21.74491692	1593.240479
355.2857194	21.65928268	3301.182373
356.1173374	11.9080162	10268
357.0304363	1.371600032	4140
357.1012522	8.767016411	1718
357.1088858	4.441183567	25228.07227
357.120734	11.9080162	2104
358.1126532	4.426916599	6040.258789
359.0977744	1.642799973	1332
359.1348188	9.595166206	1579
359.1348599	7.410783291	3065.640625
359.143867	1.514333367	2059
360.0459204	1.343050003	1816
360.2394123	11.62246704	1238.217163
361.1502436	8.581466675	1193.464844
361.1504734	5.454899788	1111.924805
361.1506464	8.866999626	2177.400391
363.0767185	5.383533478	1790
363.0802292	2.114033222	2106.864014
363.1083294	2.456683397	1234
363.1658605	9.452316284	2820.588867
363.1659319	9.680800438	1486.400024
363.1774813	13.43568325	1501.564209
363.2520663	21.45935059	2319.600098
365.1358336	3.47028327	6642
365.1432704	13.39286709	1736.399902
365.2097098	21.45935059	2321
365.2462443	22.15895081	2195
366.1008008	12.35060024	1108
366.138787	3.47028327	1598
366.9399109	17.10491753	1008
366.9400251	17.03355026	11255
366.9423191	18.84663391	1877.78064
367.0364633	5.740483284	1252
367.0438111	5.512000084	1748
367.1029039	8.381549835	1249
367.1029287	7.410783291	1009.400024
367.1032308	6.311483383	6024.13916
367.1033345	5.412083149	6155.38623
367.1034868	6.853950024	4536.822266
367.1035167	5.654733181	7130
367.1035997	6.083099842	1438.816284
367.1523501	14.12096691	2457
367.158751	14.37790012	96624
367.2235217	11.15133381	1309
367.2368323	22.20186615	1207.805054
367.2398509	22.50161743	1246.043823
367.2414844	22.57304955	1236.204712
367.2425426	21.85919952	1596.085571
367.2431395	20.71694946	1930.054443
367.2434335	21.35943413	2257.631104
367.243446	21.03104973	1342.079102
367.2434561	20.9454174	2003.359741
367.2437317	20.60276604	1262.359619
367.2443836	21.10250092	1258.952393
367.2444147	20.16018295	1408.951538
367.244423	21.94485092	3173.770752
367.2444668	21.67354965	2309.559326
367.2458878	22.80143356	1955.99585
367.2461349	21.73064995	1676.566406
367.2496972	22.17323303	1373.860596
367.3583647	21.75919914	10213.10449
367.9433007	17.01928329	1038
368.0809435	8.738483429	1129
368.106043	6.853950024	1002.53833
368.1063389	6.311483383	1644.743286
368.106744	5.640450001	1887
368.1618056	14.37790012	25279
368.243556	21.38798332	1179.454224
368.2461096	21.94485092	1363
368.3618175	21.77346611	2729.18335
368.9369854	17.01928329	3314
368.9764196	16.33396721	1038
369.0812443	1.343050003	1048
369.0824327	2.085483313	2294.800049
369.1188943	9.937716484	1040
369.1583402	14.39216709	4415.399902
369.1585017	21.18815041	1450.733643
369.1740029	15.50580025	1867.116577
369.1742544	14.80620003	6860
369.174366	13.73551655	9067.177734
369.1744882	15.69145012	33044
369.2409026	21.41653252	1101.72522
369.242312	21.97338295	1399.273682
369.3009753	22.04476738	7826
370.0969444	8.253083229	1706
370.1770345	13.74978352	2088
370.1770746	14.82056713	2138
370.1776998	15.69145012	7991.436035
370.304384	22.04476738	2243
371.0989726	5.383533478	1972.63916
371.1740529	15.69145012	1214
371.1915332	1.514333367	1515
372.1119676	8.724200249	7581
373.0048938	1.357333302	5270
373.009032	1.21449995	1370
373.1143154	3.456016779	1600
373.1148795	8.724200249	4459
373.184086	18.17569923	2943.950684
374.0282145	5.169333458	1086
374.9672717	1.228783369	1428
375.0205476	7.068133354	6108
375.0229665	2.699333429	3359
375.1184832	1.528599977	9325
375.1291255	1.742799997	1378
375.2751166	21.95911598	1464
375.2756598	22.15895081	5206.200195
375.2761502	21.68781662	1116.618774
376.121034	1.514333367	1389
376.2793807	22.17323303	1320.828369
377.2681354	22.51588249	4185.226563
377.2728592	21.05960083	7093.869629
377.2730574	19.6462326	1741.273315
377.2732348	22.85853386	19401.66211
377.2732534	21.93056679	16293.83301
377.2733058	22.18759918	10688.01367
377.2754351	22.34460068	4540.333008
378.1012273	14.00669956	1960
378.1020999	13.53559971	10540
378.2718047	22.50161743	2614.633545
378.2736515	22.87280083	3588.736328
378.2745017	22.24469948	8337.133789
378.274609	20.70266724	2616.005371
378.274722	20.9454174	2244.977295
378.2749477	20.85976601	2612.773682
378.2751154	21.07386589	2430.315186
378.2752459	21.93056679	19942.99219
378.2753538	20.11736679	1004.141418
378.2754612	22.01621628	6910.574219
378.2757395	22.81570053	17602.07227
378.2757809	21.35943413	3970.980957
378.2758371	20.58848381	2375.657227
378.2760614	21.75919914	12744.69531
378.2761364	21.87346649	17886.65234
378.2771526	22.37314987	10473.43848
378.2854024	22.90135002	1313.783936
379.0333849	2.613699913	3389
379.0905339	4.426916599	7669.971191
379.1033789	7.425049782	1877.750244
379.1054319	13.53559971	8887
379.1615215	3.741583347	3057
379.2729718	21.68781662	1157.635864
379.2730582	21.94485092	1444
379.2749113	21.85919952	1265.696533
379.2750754	21.98766708	1006.000244
379.2760472	22.80143356	1248.582275
381.0237807	2.92779994	1080.273438
381.2315521	20.26009941	3584
381.373931	22.92989922	3911.964355
381.373991	23.54386711	1738.706421
382.1000593	1.514333367	2792
382.3770551	22.90135002	1183.512207
383.0975177	4.812399864	1071.106567
383.0980327	7.496433258	1380.874023
383.0987463	5.369249821	1460
383.1188514	2.328133345	1775.69104
383.1212952	1.571416616	1061
383.1531468	11.29406643	4368
383.1537148	12.52188301	28877.40039
383.1539534	12.82173347	5349.800293
383.1708698	9.195316315	2393
383.1710234	8.981216431	1515.903076
383.2803297	19.6462326	1334.908569
383.3162311	22.58733368	1520.113403
383.3164927	22.34460068	7461.112793
383.316527	22.50161743	2558.015625
384.1567851	12.53614998	16990.35352
384.1571489	12.82173347	1134
384.3196979	22.33033371	1607.0802
385.1608098	12.52188301	1457.122559
385.1684707	12.86454964	1469.928589
385.1686431	11.36543369	3030.225098
385.1692146	11.00851631	1863.660645
385.1692879	11.50826645	19340.80078
385.1693195	14.27798367	2059.599854
385.1864644	10.12336636	2283.399902
385.1866745	9.994883537	3256.666992
385.1871298	9.123950005	1429
385.3069595	20.28863335	1351.64978
386.1720766	11.52253342	11169.50098
387.0718207	9.223950386	4708.399902
387.11341	1.414416671	2766
387.1656025	10.19473362	1164.990112
387.1658778	11.32261658	12623.13477
387.1659322	10.33746624	2176.199951
387.1664231	11.69381714	1084.241333
387.2022177	9.452316284	2371
387.2022591	11.45108318	1293.064819
388.043925	6.011666775	1902
388.075356	9.223950386	1481
388.1694762	11.32261658	1793.270386
388.9830145	1.21449995	2217
389.0911457	7.482150078	6653.756348
389.0979729	3.341833353	4666
389.1815464	14.79191685	1378.981689
389.1817103	11.76518345	1520.324585
389.1817566	9.309599876	1101.158691
389.2176237	11.89375019	1332.147949
389.2179352	10.05200005	1885
389.2899817	22.50161743	1113.304077
389.2909725	22.15895081	5451.038574
389.2913499	21.95911598	1377
390.0945486	7.482150078	1942
390.1008373	3.327549934	1020
390.2940388	22.15895081	1828.400146
390.8930561	1.128866673	3807
390.9414778	1.21449995	1247
391.1123877	3.141900063	23485
391.2069452	21.18815041	2131.399902
391.2086456	9.309599876	1015.557678
391.2835449	22.70151711	1483.316406
391.2844785	22.1303997	6442.325195
391.2857764	18.84663391	53434.01953
391.2864392	22.51588249	7291.558594
391.2877158	18.96091652	1758.210449
391.2882739	22.18759918	13012.82227
391.2885711	21.14533424	7607.612793
391.2889271	21.93056679	21564.22461
391.2890315	22.41596603	8121.099609
391.2892389	22.81570053	23495.6543
391.290522	23.91506577	1946.175293
392.0469797	7.068133354	2184
392.114817	3.141900063	5268
392.2073391	14.32079983	1015
392.2880482	22.50161743	3033.31665
392.2888729	18.84663391	18572.20898
392.2893726	22.71579933	13486.28906
392.2900072	22.38741684	26906.97266
392.2906419	21.60218239	25825.59961
392.2907995	22.85853386	26181.89258
392.2909794	21.2737999	5312.356445
392.2912505	20.48856735	1570.605347
392.2912562	20.93113327	2183.37207
392.2913328	20.617033	1826.416748
392.2913813	22.01621628	18914.95898
392.2915201	21.93056679	20562.50391
392.2915373	20.13163376	1089.333984
392.29155	22.41596603	2687.106689
392.291579	22.7871666	18809.66797
392.2916361	21.71636581	16412.8457
392.2919553	22.58733368	17841.38867
392.2925834	22.23041725	12381.44629
392.2939612	23.88653374	1214.563354
393.0498445	4.027150154	1564
393.1231291	3.141900063	1368
393.2645919	15.62008381	1374
393.2753609	23.32975006	1396.332031
393.2892251	22.87280083	1143.943848
393.2893341	21.74491692	2702.097656
393.2895878	21.64500046	1239.305786
393.2903686	22.58733368	1205.575317
393.2911186	21.94485092	1449
393.2914284	18.83234978	2406.108887
393.294154	22.81570053	1943
395.0641879	4.441183567	22413.17188
395.1434747	3.613116741	3573
395.1632334	13.9638834	1891
395.3895817	25.84246635	3702.170898
396.1121924	10.56595039	1021.556152
396.3927046	25.84246635	1358.475464
397.1140691	5.497716904	1221.219727
397.2267282	19.38921738	4113.834473
397.3313979	22.77288246	1001.400146
397.3317134	23.14410019	1304.220947
397.3320433	22.90135002	1188.800049
397.3321468	23.04418373	11883.02734
398.1279746	11.02278328	1558.305542
398.3358789	23.05846596	2561.599854
399.1617492	14.12096691	2095
399.166293	6.782583237	6370
399.2490939	22.82998276	1024
399.2593489	22.82998276	1178
400.1698648	6.782583237	1116
401.1310067	19.4034996	2167.109375
401.1454555	9.880617142	1662.003784
401.1817435	6.754033566	2368.519287
401.2903942	22.43025017	1388.400024
402.1320639	19.53195	1002.054138
402.9996445	1.21449995	1647
403.0663929	7.039583206	1114
403.0664544	7.18231678	3702
403.2492524	14.80620003	1005
403.3061741	23.32975006	3909.077881
404.9572877	1.21449995	1850
405.1764874	6.354300022	13061.68652
405.1769805	6.768300056	4334.105469
405.1916171	13.9638834	1164.31189
405.2211114	21.77346611	1140.049316
405.2647432	15.24888325	2290.803467
405.3030578	21.28806686	2244.78418
405.3038265	20.64558411	1057.597046
405.3039696	21.33088303	1966.999512
405.3040747	21.05960083	1595.929688
405.3042395	22.47306633	1681.643677
405.3042834	22.41596603	2487.521484
405.304468	21.97338295	3536.089355
405.3049867	23.91506577	1300.064331
405.3053322	22.77288246	1058.658325
405.3053544	22.81570053	2563.925049
405.3055778	22.90135002	2070.709961
406.1796491	6.368583202	4276
406.179944	6.768300056	1185.307373
406.3043689	21.93056679	1236
406.3054562	22.80143356	1205.400024
406.3075231	21.68781662	1067.875977
406.3083181	21.83065033	1160.240479
407.2802096	17.39049911	3303
409.1865383	14.29224968	2336.740479
409.3109138	24.72884941	2924.984375
411.1271551	5.197883129	5896
411.2021032	11.85091686	4227.000977
411.2021712	17.13348389	1570.270508
411.2024596	13.30721664	4193.303223
411.3471014	23.51531601	2579.704346
411.3482899	23.72951698	1462.155396
412.20504	11.85091686	1418.420166
412.2060161	13.30721664	1272
412.3066304	20.17444992	1213
412.8648775	1.128866673	10729
412.9660745	16.33396721	1434
412.9762265	7.068133354	6628
412.9771566	7.125233173	6503
413.2004309	12.85026646	1402
413.2005343	14.72054958	16864.13281
413.2010831	14.39216709	2188
413.2174871	15.86273289	1033.257568
414.2041872	14.73481655	4476
415.0342036	7.539249897	1022.981262
415.1358356	14.09241676	2331
415.1373499	14.13523293	1708
415.1836371	3.798683405	2059
415.2153557	16.50525093	1303
415.3050803	22.43025017	1914.663452
415.3222935	22.74435043	1815
416.9610373	17.76168251	1482
416.9612803	17.6616993	5956
417.3219988	23.31546593	4145.213867
418.3255233	23.32975006	1102.445557
418.9723331	1.21449995	1224
419.2280035	13.77833366	1602.255371
421.0599325	12.03648376	1399
421.2266032	19.54623413	2577
423.3269523	23.62949944	1154.644287
425.011887	4.983766556	5046
425.1021066	16.1340332	1139
425.2576696	20.37438393	1429
425.3632106	24.35765076	1185.399902
425.3635728	24.60038376	7192.626465
426.3673109	24.60038376	1818.581787
427.1245636	6.083099842	1268
427.1787594	14.9347496	1356
427.1964638	8.767016411	1297
427.1969367	13.37858295	2436.948975
427.1972073	11.4368	1315.287109
427.26235	18.84663391	3596
428.8340102	1.114583373	4550
429.1166701	10.4517498	1403
429.1764163	11.39398289	1147.337891
429.1765804	14.5064497	2504
429.1947461	12.26496696	1399
429.2124101	13.2357502	1391.520874
429.2608609	18.84663391	1889.404541
431.1919792	8.467283249	1941
431.2276664	12.29351711	1568.995483
433.113813	10.32318306	2636
433.2079946	9.095399857	13386.40039
433.2080033	9.38096714	4516.041016
433.3321082	21.64500046	2035.393311
434.2113944	9.366683006	1003
434.211709	9.123950005	2678
435.2232799	11.87946701	2117.628906
436.2203653	6.853950024	1348
437.1074492	19.31785011	1069.532104
437.2133363	2.556600094	3613
437.2911668	18.84663391	16242
438.2943309	18.84663391	4854.88623
439.1606355	6.38285017	6728
439.1610853	11.00851631	1770.711426
439.3422603	21.05960083	1272.042236
439.3792655	25.24288368	3119.57959
440.1639039	6.38285017	1591
441.2525113	19.50341606	2954.554199
442.1904831	14.27798367	1830
443.1319121	6.368583202	1095
443.1552071	12.3934164	1198.122925
443.1558092	11.9080162	12134
443.1558185	12.16495037	13310
443.1749684	12.95028305	2309.260498
444.1585958	12.1506834	7094
444.1587817	11.92230034	10627
445.1616808	12.1506834	2150.127441
445.1904459	12.60763359	1298.568604
445.2077977	11.63673306	3214.481689
445.3502736	22.17323303	1259.099243
445.3530323	21.40225029	1349.387695
445.3539948	21.94485092	1562
446.0800177	20.43148422	2033
446.2911653	16.30541611	36635.82422
447.2378878	18.47543335	1265.302124
447.2386071	18.28988266	2139
447.2951949	16.31968307	6244.115234
448.3066889	16.20540047	7034
449.1089775	9.238233566	2063
449.1208904	3.556033373	2034.95874
449.2027029	6.39713335	1882.193359
449.2546151	18.88945007	55065.51953
449.3104352	16.21966743	1466
450.2594722	18.88945007	31150
451.0490651	2.942066669	1053
451.1199865	14.39216709	1683
451.2613543	18.90371704	1960
451.3071643	18.84663391	3238.669434
452.1927179	10.72305012	6210
452.1930392	11.2369833	9234.349609
453.1764689	6.868233204	2748
453.1764851	11.76518345	3733.313965
453.1956653	11.2369833	1542
453.196388	10.7086668	1318.244141
453.2857832	17.40476608	1475
454.17985	6.853950024	1056
459.1502665	6.11164999	3536
459.1502957	5.654733181	1764.865723
459.2725201	18.84663391	3713.400146
460.1534725	6.11164999	1006
460.9264726	17.01928329	1585
461.2387049	12.65044975	2430.447021
462.1766524	10.88004971	2637
462.1776709	11.57963371	6550.733887
462.9677518	4.983766556	4057
462.9762414	15.49153328	1189
463.1808763	11.57963371	5402.034668
463.2333682	14.80620003	1149
463.2338443	14.52071667	5091.916504
463.2340756	13.93533325	3109.800537
464.1833729	12.30778313	1632.643433
464.2372389	14.54926682	1785
464.3014417	16.91926575	1078.983643
464.3019016	14.73481655	1074.14502
464.9735546	15.49153328	1358
465.2488139	14.22088337	5452.056152
465.2488355	15.37733364	111419
465.2488764	15.19178295	105173.7031
465.2490203	15.46298313	3157.069824
465.2494489	16.43388367	2483.679443
465.2495303	15.24888325	5054.45459
465.3036229	22.15895081	3654.849854
466.2077192	11.10849953	1183.855713
466.2521156	14.23516655	1712
466.2522806	15.39161682	99224.39844
466.2529868	15.17749977	36233.03125
466.3051506	22.15895081	1084.584717
467.2548374	15.20604992	3636.754639
467.2551734	15.39161682	5460.893555
467.2648634	15.72000027	3347
467.2651994	16.90500069	2046.988403
467.2654721	14.72054958	1451
470.986687	1.21449995	1189
471.2417365	14.80620003	1777
472.9450765	1.21449995	1013
473.1451813	10.00916672	4149.437012
473.1453696	9.809267044	3709
473.3997647	23.37258339	4577.399902
474.1485105	10.00916672	1674
474.148974	9.809267044	1023.696594
474.4030293	23.37258339	1426.834961
475.2479357	18.87518311	1468.605469
475.2490125	18.83234978	1696.400024
477.2343057	8.938383102	1918.600342
479.2282616	11.77946663	1475.400024
479.2282953	13.62123299	1581
479.2283559	12.16495037	3646.936035
479.2286641	12.63618374	11134.34082
479.2290252	12.76463318	1173.351929
479.2373888	1.642799973	2747
480.2318595	12.16495037	1208
480.2327333	12.63618374	2997.251221
481.2080004	10.09481621	1663.121094
481.2436879	12.70755005	1398.65271
481.2439547	12.16495037	6467.799316
481.2439844	14.02096653	2137.205078
481.2440172	12.3934164	37406.8125
481.3303889	21.95911598	1162
481.425852	24.85740089	1043.625366
482.2475088	12.16495037	1713.557251
482.2481099	12.3934164	7420
482.267608	16.31968307	1168
482.9287187	18.5326004	1155
482.9288935	18.43261719	22540
483.2504532	12.40769958	1121.400024
483.2597075	15.03466702	1266.64978
483.9325611	18.43261719	1966
483.9338869	18.33270073	1350
484.9258856	18.44688416	6080
484.925908	18.34696579	5681
485.1662556	5.811850071	7091
485.166656	6.12593317	2535
485.2308197	18.90371704	1482
485.2786253	19.58905029	1037.525879
486.1697348	5.826116562	1854
486.9603449	1.21449995	1534
487.1309548	1.842733383	4848
489.2128182	15.91991711	1588
489.2700724	14.60636711	1467.985474
489.2706222	14.47789955	2521.800049
491.22899	16.07693291	2387
491.3554613	21.97338295	2484
491.3561355	22.7871666	1267.661987
491.3567673	22.30178261	1494.448853
491.3582736	21.31661606	1276
491.3588156	21.64500046	3035.761475
491.358863	21.35943413	1394.968506
491.3592797	22.24469948	1159.052368
491.3595344	22.14468384	2638.512939
491.3596743	21.50226593	2075.971924
492.3607167	21.64500046	1144.893555
492.3617976	22.03048325	1420.036743
492.3621818	21.93056679	1348
492.3623468	21.80201721	1152.441528
493.2803441	16.44815063	1954.200439
495.2233641	11.19414997	1429
495.2234527	7.410783291	22914.57031
495.2234893	9.309599876	8247
495.2239067	9.894900322	7205
495.2956949	16.79081726	25491.38477
495.29587	16.61951637	1099.38147
496.0762988	20.90259933	4330
496.2258745	7.410783291	16437
496.2269517	9.309599876	1974
496.2278697	9.880617142	1783
496.2990814	16.80508423	6921
497.2294286	7.410783291	1201
498.8997031	18.48970032	3728
499.1385214	6.354300022	4281.085449
500.1392503	6.340033531	1033
500.8957869	18.48970032	2506
501.1344909	19.4034996	1676
501.2254974	15.19178295	1754
501.2268409	15.39161682	2598.814941
503.0765544	1.371600032	6423
503.192009	10.89433289	3780
504.1953426	10.90859985	1230
505.146253	5.240699768	1103
505.265568	10.30891705	1373
505.2656842	11.6652832	2011.600708
505.3727088	22.18759918	1293.754028
505.3742174	21.97338295	1012
505.3763217	21.90201759	1025.033691
507.2086558	9.495149612	1512
507.2235823	16.56233406	1568
507.4407621	20.55993271	1385
509.2391482	11.15133381	2533
509.2392342	10.65158367	1558.004272
509.2748964	13.4642334	6035.399902
509.2749609	16.1625824	6678.348633
509.2751838	15.96275043	4093
510.2526214	14.69200039	1636.317993
510.2784916	16.1625824	2550
510.2794518	13.4642334	1506
510.279817	15.96275043	1242
511.218828	14.46361637	1021.414551
511.2550198	13.62123299	8078.89209
511.2915501	16.24831581	29331.40039
511.2918674	16.31968307	1261.400024
511.4716609	21.2166996	30866.00586
512.2581022	13.60696697	7832.467285
512.2680238	15.87701702	5610
512.2950977	16.26259995	20121
512.4748443	21.20243263	8979
513.2714872	15.86273289	1330.662842
513.2975968	16.24831581	2146.439697
517.242161	18.90371704	2276
519.4047216	23.37258339	2065.800049
521.2022849	7.881899834	1294
523.2536195	14.43498325	1039.359741
523.2546647	14.60636711	1951
523.2549455	12.75036621	1671.400024
525.0863583	1.828449965	1909
525.2341119	9.138233185	1889
525.2695938	12.13640022	1141
525.2696592	14.60636711	2623.828125
525.2702958	13.63551712	1060
525.2703991	12.27923298	7824.530273
525.270406	13.27868366	1207.865356
526.2485295	13.26430035	1424
526.2745256	12.27923298	2193.376953
526.8050921	1.128866673	5433
527.214154	5.269249916	78962
527.215456	5.35498333	4550
527.2508765	11.80801678	1296.648438
528.2172384	5.254966736	22931
528.2632854	14.83483315	1754
528.2634112	15.0489502	2750
532.926071	18.83234978	94922
532.9260773	18.96091652	2069
533.1789411	7.410783291	1434
533.215125	18.90371704	1160
533.2360797	15.19178295	2517
533.2364134	15.39161682	2353.728516
533.4542279	21.2166996	16878
533.9279822	18.90371704	1235
533.9290592	18.84663391	18731
534.9229628	19.01799965	1065.008667
534.9231373	18.83234978	24508
535.3125448	25.15723419	2116.525146
535.9251772	18.83234978	1824
537.2339874	12.29351711	1207.31958
539.1823547	15.19178295	1064.751343
539.249377	12.29351711	74021.21875
539.2498588	14.19233322	57510.32031
539.2504021	11.6652832	1703
540.2528363	12.29351711	23585.31836
540.2533998	14.17806625	32852
541.254666	12.30778313	3894.854492
541.2555981	14.2066164	3371.679688
541.2649137	14.10668373	29641
541.2657055	11.6652832	42736.51563
541.2657227	13.1072998	2928.800049
541.2659471	12.03648376	12615.55176
541.2660893	13.80688286	26345.2793
542.2687025	14.09241676	10549
542.2690282	13.80688286	21883.58789
542.2692247	12.05076694	12885
542.2695884	11.6652832	11473.40039
543.2714949	14.10668373	3035
543.2715271	11.67955017	1968.272217
543.2783243	13.79259968	2308.260742
543.2807295	11.5368166	3307.538086
543.2810632	10.99423313	1324.914063
544.1941505	1.514333367	1783
544.2844826	11.5368166	1166
545.3366394	16.6052494	1177
546.0709791	21.33088303	1444
548.9200659	18.93236732	1194
549.2106846	15.39161682	4226.491699
549.2110297	15.19178295	2290.60791
553.2288277	11.49398327	1417
559.1900084	1.642799973	1291
562.2513894	15.79136658	1221
565.1703361	5.269249916	14104
567.1703581	5.512000084	1753.455933
567.3171709	13.56414986	1615
567.5352585	22.08758354	12064
568.5389339	22.08758354	4089
568.96319	1.228783369	1009
572.2533045	11.85091686	1267
573.4917939	20.68840027	1388
576.9153578	18.44688416	6132
578.9123655	18.37551689	1695
578.9126569	18.44688416	2113
579.3940769	21.18815041	2289
582.9459254	19.27501678	1443
582.9465007	19.21783257	7420
584.9369454	1.228783369	1047
585.492284	20.55993271	1701
587.505372	21.67354965	1363
587.5079434	21.64500046	1022.399902
587.5079476	21.23096657	13208.04883
587.5080263	21.31661606	2605.48291
588.51034	21.18815041	1922
592.8861429	18.47543335	1224
593.1611183	20.48856735	1256
595.3492476	14.14951706	1224
598.9175524	19.36066628	6493
600.284639	13.15011692	24573
600.914183	19.36066628	1542
601.2885505	13.15011692	4145
601.521292	21.30234909	1302
601.5222282	21.65928268	2234.535645
601.5230951	21.18815041	2320.396729
601.5233017	21.43079948	1253
602.2873236	13.15011692	1240
602.5261658	21.64500046	1234.72522
607.2362718	14.2066164	1074
613.3587118	16.81936646	6284
613.5223854	21.57363319	1256.512329
613.5226839	21.47371674	7329
614.3621512	16.80508423	2023
614.5261423	21.54509926	1006.727173
614.5265364	21.45935059	1819.624146
614.8871289	19.38921738	1217.477661
615.5347397	21.53081703	1005.042603
615.5386127	22.17323303	1733.322144
615.5386705	22.10186577	12296.32715
616.5409494	22.10186577	5817
616.5427159	22.17323303	1074
622.3225433	13.03593349	1012
623.2093414	12.30778313	1444
623.2111254	14.19233322	1349
624.7891496	1.114583373	3957
626.9127889	18.83234978	24692
627.3746637	16.91926575	1396.440918
627.3750957	17.13348389	1094.486572
627.5370185	21.45935059	2176
627.9165077	18.83234978	2814
628.9096296	18.83234978	8656
629.5529992	22.08758354	4667.334961
632.2038349	1.243049979	1101
640.3340232	10.30891705	1191
645.5280807	21.38798332	1112.417969
645.5295086	21.61646652	1123.793701
645.52995	22.88706589	1628.199585
645.5315007	21.93056679	1497
645.5328365	21.70210075	1157.486084
648.9149899	19.7033329	37992
648.9150082	19.78898239	1619.082031
649.9187248	19.61759949	3868
650.9119125	19.7033329	9062
651.9164088	19.63196754	1025
663.3608972	14.12096691	4517
664.886342	19.74616623	5969
666.8828306	19.731884	3526
673.2319461	1.314499974	1506
692.9042207	19.37495041	2685.78833
698.9125058	20.0888176	2189
698.9130874	19.97453308	49180
699.9160993	19.97453308	6598
700.9091811	19.94598389	15448
701.5933233	21.18815041	1393
701.912039	19.97453308	2008
714.9061022	20.04598427	2064
742.901945	19.71759987	14786.80176
743.9055157	19.63196754	2053
744.8990208	19.71759987	5519
748.9327166	20.20299911	6654
758.8729762	19.74616623	5337
760.8707516	19.74616623	3358
764.9046858	20.30291748	3743
792.8997704	19.96026611	39391
792.9000326	20.04598427	1074.494141
793.904127	19.94598389	5657
794.897106	19.96026611	12403.30273
795.9006575	19.96026611	2216
808.8941942	20.04598427	1644
814.9254677	20.54566574	1598
821.5284446	25.15723419	2055.399902
835.5436617	25.15723419	1391.400024
842.9202167	20.21728325	1880
858.89094	20.31719971	3754
860.8880997	20.30291748	1079
931.5054799	15.19178295	1191
